[0, 2971, 2644, 3056, 2525, 2818, 2599, 1875, 745, 3205, 1551, 2906, 2394, 1803, 2942, 1837, 3111, 2284, 1044, 2351, 3630, 4028, 2650, 3653, 2249, 2150, 1222, 2090, 3540, 2303, 3455, 3004, 2551, 2656, 998, 2236, 2610, 3548, 1851, 4091, 2732, 2040, 3312, 2142, 3438, 2937, 2979, 2757, 2437, 3152, 2503, 2817, 2420, 3369, 2862, 2609, 2857, 3668, 2947, 2592, 1676, 2573, 2498, 2047, 826, 3393, 2535, 4636, 3650, 743, 1265, 1539, 3007, 4286, 2720, 3220, 2298, 2795, 2806, 982, 2976, 2052, 3997, 2656, 1193, 2461, 1608, 3046, 3261, 2018, 2786, 647, 3542, 3415, 2186, 2398, 4248, 3515, 2367, 2970, 3536, 2478, 1826, 2551, 3368, 2303, 2540, 1169, 3140, 2317, 2535, 1759, 1899, 508, 2399, 3513, 2597, 2176, 1090, 2328, 2818, 1306, 2805, 2057, 2618, 1694, 3285, 1203, 676, 1820, 1445, 2468, 2029, 1257, 1533, 2417, 3599, 2494, 4101, 546, 1889, 2616, 2141, 2359, 648, 2682, 3464, 2873, 3109, 2183, 4159, 1832, 2080, 1831, 2001, 3013, 2143, 1376, 1627, 2403, 4772, 2556, 2124, 1693, 2442, 3814, 2630, 2038, 2776, 1365, 3929, 1990, 2069, 3558, 1432, 2279, 3829, 2435, 3691, 3027, 2345, 3807, 2145, 2703, 2884, 3806, 1151, 2505, 2340, 2596, 4123, 1737, 3136, 1073, 1707, 2417, 3068, 1724, 815, 2060]
[2971, 0, 3488, 2901, 3435, 4766, 730, 2719, 2665, 3560, 1873, 3750, 3304, 2894, 2712, 2884, 3603, 2630, 2104, 3213, 4097, 4813, 3710, 5376, 3861, 2328, 3177, 4148, 4420, 1952, 3300, 3848, 2980, 315, 2430, 1329, 4225, 4391, 3283, 5593, 3439, 1689, 4924, 1912, 3601, 4621, 4899, 3894, 2282, 4062, 3413, 1847, 551, 3214, 3772, 2761, 3767, 3963, 3723, 3029, 1446, 704, 4228, 2957, 2746, 3739, 3379, 5480, 4563, 2663, 3185, 2855, 3588, 5165, 3630, 4768, 2688, 3376, 2455, 2042, 3386, 2962, 5057, 3566, 1778, 3371, 1416, 4106, 5181, 2862, 2271, 2759, 4127, 4325, 2364, 2753, 5158, 3306, 4394, 3122, 3698, 4398, 3126, 1999, 3440, 3213, 3081, 4140, 4075, 2635, 3415, 2669, 2959, 2463, 2617, 4423, 4016, 2880, 1934, 2674, 3728, 3261, 4753, 2967, 2913, 3708, 4195, 3315, 2295, 2664, 2706, 4080, 2614, 2167, 2443, 3738, 4509, 3575, 4541, 3517, 2799, 2962, 3753, 3203, 3619, 2490, 3642, 3219, 3686, 1213, 5219, 3752, 3396, 2675, 4004, 3923, 2335, 2286, 1397, 2654, 4848, 4095, 1894, 2036, 3502, 5246, 2438, 2981, 3749, 2209, 4773, 1438, 3553, 4871, 3387, 3339, 4983, 3279, 3942, 3278, 3255, 3652, 2467, 2881, 3230, 4650, 2211, 2683, 2925, 3656, 5033, 2322, 4591, 3185, 2551, 2595, 3386, 4514, 2735, 2904]
[2644, 3488, 0, 3427, 3780, 3170, 4218, 2339, 3389, 3388, 3133, 3370, 3976, 2514, 3001, 4211, 4203, 2748, 1724, 2767, 4008, 4570, 3330, 4996, 3781, 2928, 3571, 4533, 4538, 1901, 3031, 3468, 3231, 3803, 3372, 3657, 2741, 4228, 2930, 5419, 3196, 2164, 4969, 2165, 4140, 3315, 3444, 4072, 4046, 4316, 3758, 2907, 4039, 3740, 2864, 2927, 1239, 4348, 3480, 3629, 2140, 4192, 4613, 2049, 3470, 3857, 2999, 2562, 3224, 3387, 3368, 3539, 3471, 4288, 2722, 4176, 2971, 3259, 2404, 1662, 3504, 3634, 4677, 2658, 3837, 2463, 2072, 3726, 4906, 2482, 2483, 3291, 6186, 1797, 2892, 3291, 4250, 3979, 4151, 3288, 3381, 4233, 3782, 4636, 3831, 2305, 3681, 2964, 3096, 3291, 3533, 2337, 2579, 3152, 3079, 1895, 4478, 2887, 1554, 2792, 2820, 3655, 3183, 2375, 3298, 2439, 4867, 3847, 3320, 2284, 2872, 3562, 4343, 2839, 3115, 3358, 4413, 3202, 4232, 3190, 2207, 3080, 3889, 285, 3292, 3146, 4170, 3337, 4214, 3541, 4839, 3596, 4019, 2295, 2132, 3015, 2935, 2720, 2091, 2866, 5452, 3871, 2183, 2157, 3122, 6080, 3094, 3444, 3478, 1829, 4393, 4364, 4225, 5558, 3361, 2959, 4603, 2899, 4154, 3490, 3689, 4178, 2772, 3264, 3348, 3036, 1831, 3211, 3578, 3276, 4125, 3532, 3514, 3717, 937, 3123, 4042, 4368, 3459, 2524]
[3056, 2901, 3427, 0, 3675, 3793, 2529, 3892, 3259, 1583, 2845, 4323, 3688, 2344, 4612, 3127, 3428, 3999, 3277, 3282, 2955, 5856, 4322, 5276, 4230, 2815, 4278, 5120, 5445, 4320, 399, 4923, 3467, 2586, 3717, 1572, 3541, 4624, 4483, 5154, 4482, 4057, 5293, 4159, 3271, 3648, 4067, 4125, 619, 2997, 3653, 2322, 2350, 313, 3471, 3442, 3690, 4450, 4315, 3329, 3693, 2503, 4715, 2880, 3340, 3219, 3952, 5419, 4043, 3257, 3779, 3249, 4757, 2624, 3553, 4691, 3234, 4545, 4108, 3215, 3516, 3346, 5596, 3489, 3577, 3294, 3625, 4122, 5503, 4035, 2746, 3161, 5926, 4248, 2851, 2390, 5081, 3781, 3648, 3803, 4215, 4992, 3778, 4900, 4094, 3136, 3277, 3150, 2991, 3287, 4784, 2592, 3102, 3564, 3851, 3076, 3515, 2717, 3107, 3955, 3427, 4362, 3780, 2890, 3400, 2625, 4579, 3717, 3732, 3837, 2702, 4362, 4355, 2551, 2827, 2107, 4749, 4062, 3105, 3602, 2722, 3940, 4122, 3142, 3671, 3236, 4129, 4588, 4173, 1688, 5758, 4346, 3790, 3581, 2932, 3622, 2822, 2670, 3644, 3129, 5848, 3924, 4141, 3710, 4530, 6145, 3288, 3456, 2609, 3382, 3612, 4339, 3937, 5268, 4419, 4512, 4883, 4452, 3847, 3753, 3639, 751, 3439, 3368, 3870, 3860, 3384, 3170, 4409, 3799, 4956, 3732, 3449, 3587, 2490, 3082, 2536, 4780, 3329, 3810]
[2525, 3435, 3780, 3675, 0, 4049, 3204, 3506, 1976, 3345, 1562, 2903, 2405, 2753, 3542, 2153, 2514, 1527, 2882, 2212, 3825, 4255, 3548, 3733, 3496, 2113, 3747, 3837, 3317, 3381, 3761, 4066, 2693, 3261, 2992, 2247, 2819, 4102, 3845, 2518, 2881, 3118, 4775, 3554, 1728, 4168, 4210, 3607, 3200, 3163, 22, 2997, 3025, 3362, 2625, 2372, 2541, 3354, 3165, 1786, 3088, 3178, 3729, 1810, 2057, 1972, 2532, 5192, 2796, 1974, 2496, 2724, 3156, 4049, 2483, 3455, 2377, 2944, 3711, 2829, 1619, 2063, 4526, 2419, 3482, 2224, 3058, 4604, 4492, 3649, 2865, 1878, 4251, 1983, 2077, 2538, 4011, 3512, 3836, 2733, 3513, 3709, 3004, 4321, 3160, 2066, 1734, 3686, 684, 3495, 2312, 1522, 3250, 3033, 3970, 3197, 4306, 3126, 2721, 1571, 2581, 3831, 4036, 1820, 2626, 3161, 3188, 2434, 3148, 3451, 2395, 3640, 4168, 1268, 1544, 3028, 1118, 2887, 4600, 3071, 1652, 1195, 3604, 3990, 3173, 2943, 1087, 2116, 3399, 2363, 4517, 3063, 3265, 1980, 3428, 2776, 2120, 1149, 3039, 2482, 6330, 3556, 3536, 2771, 3756, 5808, 2891, 3269, 1066, 2996, 3926, 3984, 2654, 4743, 3717, 1647, 3340, 3258, 3770, 3106, 180, 3800, 2156, 2594, 2127, 5138, 2775, 2396, 3339, 2975, 3886, 2938, 4319, 2304, 3338, 2308, 4246, 4203, 2046, 2209]
[2818, 4766, 3170, 3793, 4049, 0, 4609, 3617, 2269, 4370, 3075, 3758, 3918, 2474, 2882, 4655, 4413, 3136, 3002, 3875, 838, 3074, 3197, 3668, 1733, 3138, 4040, 3841, 4903, 4045, 3394, 4746, 2620, 4615, 3816, 3760, 2335, 2541, 4208, 3037, 3584, 3782, 3012, 3718, 4448, 145, 274, 3534, 4412, 4602, 4027, 4510, 4430, 3723, 3872, 4052, 2558, 1503, 3868, 3531, 3418, 4583, 3868, 3368, 2350, 4245, 3387, 5162, 4543, 2267, 2789, 3063, 3859, 5158, 3086, 2412, 3890, 3647, 3868, 2940, 3892, 3576, 4496, 3540, 3203, 3345, 3350, 2039, 1736, 3760, 4378, 2171, 5552, 3116, 3102, 3563, 4969, 4367, 4539, 3691, 3613, 4002, 3567, 5024, 4472, 3624, 3479, 2813, 4415, 4058, 3898, 3283, 3272, 3326, 4357, 3214, 5415, 2101, 2832, 3180, 3916, 4124, 13, 3581, 2553, 3251, 4809, 1615, 3494, 3562, 2832, 1514, 4039, 2781, 3057, 4636, 4801, 3005, 5044, 3364, 3413, 3468, 1841, 2885, 3334, 3233, 3770, 3725, 3786, 3876, 4334, 3356, 3604, 2683, 2944, 4111, 3145, 2900, 3369, 3995, 3765, 3735, 3700, 3435, 2989, 6080, 3285, 3562, 4147, 3107, 3722, 4808, 3114, 2594, 4250, 3512, 4061, 4177, 4480, 4619, 3869, 3285, 3669, 2845, 3483, 4332, 3109, 2783, 2719, 3969, 4489, 3747, 344, 2574, 2233, 2871, 4809, 3475, 2339, 2912]
[2599, 730, 4218, 2529, 3204, 4609, 0, 3449, 2644, 2904, 2230, 3708, 3073, 2881, 3442, 2512, 4304, 2258, 2834, 2841, 4286, 4986, 4440, 5368, 4591, 3029, 2805, 4505, 4048, 2682, 2928, 4076, 3609, 415, 2581, 957, 4150, 5018, 3228, 5362, 3612, 2419, 5654, 2642, 4331, 4728, 4878, 3757, 1910, 3831, 3182, 1475, 179, 2842, 3541, 3288, 3536, 4592, 3896, 3730, 2176, 332, 4397, 2726, 2725, 3367, 3337, 6108, 4191, 2642, 3164, 2955, 3887, 4793, 3399, 4537, 2387, 3675, 3185, 2772, 3014, 2731, 5442, 3335, 1406, 3140, 2146, 4836, 5160, 3362, 1899, 2546, 3755, 4094, 2993, 3454, 4927, 2934, 4332, 3649, 3798, 4377, 3409, 2729, 3068, 2982, 3782, 3768, 3844, 3365, 3043, 2438, 3689, 2091, 2245, 4192, 3644, 2508, 2664, 2302, 3497, 2889, 4596, 2736, 3542, 4077, 3964, 3102, 1923, 3394, 3063, 4810, 2242, 1936, 2212, 4423, 4278, 3618, 4169, 3145, 2568, 2590, 4483, 3933, 3247, 3220, 4271, 2847, 4315, 841, 5604, 3731, 3496, 2711, 4384, 3692, 3036, 2055, 2127, 2282, 4476, 3958, 2624, 2766, 4232, 5246, 3168, 2609, 3764, 2939, 4731, 2168, 3322, 4974, 3015, 4069, 4975, 3926, 3570, 2906, 3024, 3280, 2824, 3510, 2858, 5380, 2941, 3312, 2553, 3643, 4802, 1950, 4780, 2972, 3281, 3224, 4116, 4323, 2714, 2940]
[1875, 2719, 2339, 3892, 3506, 3617, 3449, 0, 1988, 3329, 2366, 2601, 3797, 1745, 2637, 2384, 3535, 1979, 955, 3266, 3371, 3801, 2561, 4227, 3786, 2626, 1232, 3965, 3769, 1411, 3690, 2699, 2462, 3034, 2436, 2925, 3831, 3459, 2161, 3193, 2427, 1674, 2740, 1837, 3488, 3472, 3891, 3303, 3878, 3547, 3528, 3210, 3270, 4205, 2558, 2686, 3358, 3579, 2711, 3327, 1371, 3423, 3741, 2548, 1929, 3088, 2230, 4331, 3176, 1990, 2368, 2782, 2702, 3982, 3080, 4394, 3181, 2490, 1914, 893, 2735, 3404, 3908, 3157, 2631, 2962, 1303, 2957, 4364, 1713, 3415, 2086, 4980, 3916, 2662, 2522, 4749, 3210, 3382, 3047, 4012, 2004, 3013, 3867, 3612, 2804, 3379, 3044, 3853, 2522, 2764, 2836, 1810, 1946, 2310, 4014, 3709, 2118, 785, 2023, 2514, 1316, 3604, 2874, 2529, 3569, 4688, 2642, 2114, 55, 2103, 4005, 2975, 2660, 2936, 2589, 3644, 2433, 4445, 2421, 2706, 2311, 3678, 2054, 2523, 2377, 3940, 2568, 3762, 3041, 4070, 1257, 3250, 1526, 3773, 2319, 2619, 2779, 1322, 3286, 4683, 3102, 1819, 1388, 2353, 5252, 2325, 2076, 4047, 1060, 3624, 3428, 3944, 4536, 1022, 2190, 3834, 670, 4574, 3910, 3686, 4643, 2003, 2957, 2579, 3332, 1062, 2759, 2780, 2507, 4483, 2810, 3671, 2512, 1402, 2847, 3273, 3599, 1918, 1755]
[745, 2665, 3389, 3259, 1976, 2269, 2644, 1988, 0, 2460, 1002, 3159, 1845, 1058, 3230, 2582, 2680, 2589, 1789, 1802, 3081, 3502, 2440, 2908, 2994, 1405, 1967, 2835, 4032, 2821, 3003, 3493, 2057, 2350, 1743, 1687, 2922, 3790, 2596, 3346, 2682, 2558, 4057, 2887, 3198, 2388, 2238, 2208, 2640, 2603, 1954, 2431, 2465, 3489, 2313, 2060, 2308, 3040, 2398, 2106, 2421, 2618, 1753, 1498, 81, 3432, 2902, 4880, 2905, 2, 520, 794, 2957, 3737, 2171, 3309, 1817, 2745, 2891, 1727, 2231, 1503, 3787, 2107, 1938, 1912, 2353, 3791, 2516, 2763, 2305, 98, 4287, 2866, 1441, 1653, 3699, 3593, 3069, 2421, 2791, 1733, 2368, 3296, 2887, 1754, 2158, 1914, 2616, 2859, 3027, 1210, 2365, 1253, 3144, 2964, 3342, 1431, 1835, 2545, 2269, 2051, 2256, 1508, 1990, 2439, 2736, 654, 1421, 2043, 700, 3213, 2196, 708, 984, 3020, 3050, 1749, 4278, 1291, 1340, 2655, 2886, 3104, 1393, 2123, 2719, 3178, 2368, 1803, 3692, 1087, 1335, 2576, 2746, 2464, 1398, 827, 2372, 1922, 5333, 2007, 2869, 2211, 2232, 4559, 2071, 1297, 2536, 2059, 4296, 2735, 2094, 2813, 2177, 3024, 3280, 2658, 3210, 2546, 1796, 3927, 1596, 1958, 2460, 3162, 1896, 1760, 3027, 2415, 3574, 2378, 2587, 524, 2452, 1672, 3610, 2469, 70, 2427]
[3205, 3560, 3388, 1583, 3345, 4370, 2904, 3329, 2460, 0, 2619, 3794, 3462, 3129, 3375, 4504, 2507, 2416, 2498, 2513, 3740, 4535, 2739, 3941, 3707, 1232, 3046, 4131, 4206, 3757, 1184, 4458, 1884, 3319, 4003, 3155, 2667, 3041, 3920, 5513, 3674, 3494, 4986, 3596, 3315, 4433, 4096, 2798, 2202, 3782, 3333, 3498, 3083, 1896, 2926, 2673, 2149, 2867, 3390, 1933, 3130, 3236, 3132, 2111, 2541, 3525, 3423, 5493, 4134, 2462, 2980, 1666, 3949, 4207, 2784, 3682, 3434, 3737, 3866, 2436, 3172, 3120, 4502, 2720, 3948, 2525, 3062, 2539, 4543, 3472, 3074, 2558, 6297, 2707, 1268, 807, 4312, 4006, 4061, 3034, 2632, 4193, 2195, 5114, 3320, 2367, 1985, 2890, 3035, 2686, 3201, 1823, 1519, 3513, 3853, 1493, 4607, 3502, 2544, 2372, 2882, 3130, 4383, 2121, 1817, 2365, 3335, 3114, 3681, 3274, 3160, 3488, 4656, 2325, 2601, 3503, 4429, 2479, 4158, 3751, 1953, 2748, 3815, 3673, 3411, 4021, 2546, 3005, 2590, 3271, 4664, 3547, 2207, 2869, 2058, 3077, 1239, 2206, 3081, 3457, 4265, 2999, 3578, 3147, 2947, 6370, 4073, 3757, 2653, 2819, 2029, 4714, 3711, 3685, 2836, 3733, 3548, 3889, 4325, 3661, 3175, 2334, 3213, 1785, 2287, 4761, 2605, 1587, 3640, 2216, 4187, 3995, 4234, 2984, 3161, 1499, 3437, 4497, 2530, 3098]
[1551, 1873, 3133, 2845, 1562, 3075, 2230, 2366, 1002, 2619, 0, 3345, 1431, 1191, 2816, 2828, 2662, 2499, 1982, 1486, 3887, 4320, 2822, 3726, 3544, 1387, 2773, 2275, 3649, 1819, 3136, 2504, 1967, 2188, 2549, 1273, 2508, 3376, 3188, 3720, 3075, 1556, 4390, 2852, 2784, 3194, 3236, 2881, 2226, 2189, 1540, 1727, 2051, 3075, 1899, 1646, 1894, 2950, 2791, 2088, 2398, 2204, 2755, 1084, 1083, 3067, 2974, 4466, 3879, 1000, 1522, 1796, 3253, 3323, 1757, 2895, 815, 3138, 2322, 1920, 3181, 1089, 3800, 1693, 1920, 1498, 2330, 3878, 3518, 2740, 1303, 904, 4269, 2452, 1351, 1812, 3285, 3179, 3462, 2007, 2787, 2735, 2278, 3872, 1885, 1340, 2140, 2720, 2202, 2769, 3284, 796, 2524, 2059, 2408, 2550, 3580, 1564, 1812, 2455, 1855, 2857, 3062, 1094, 1900, 2435, 2322, 1460, 2227, 2311, 833, 3329, 2756, 294, 570, 3066, 2636, 2562, 3864, 2097, 926, 2757, 3652, 3081, 2199, 3125, 2629, 3088, 2673, 1389, 3962, 2089, 2337, 2553, 2742, 2050, 1394, 413, 2349, 920, 5466, 2813, 2834, 1209, 3030, 5365, 3073, 2295, 2122, 1537, 4368, 3311, 1680, 3815, 2983, 3165, 3333, 1696, 2208, 1544, 1382, 3513, 594, 1868, 2045, 4164, 2089, 1670, 2450, 2001, 3160, 1376, 3393, 1330, 2429, 1582, 3520, 2641, 1072, 2782]
[2906, 3750, 3370, 4323, 2903, 3758, 3708, 2601, 3159, 3794, 3345, 0, 3099, 2776, 3668, 3694, 3979, 1520, 1986, 2643, 2920, 2419, 3256, 3013, 4104, 2704, 3833, 4156, 3310, 3029, 4721, 3730, 2267, 3765, 3647, 2751, 3064, 4490, 3192, 4208, 1045, 2766, 5231, 2868, 4519, 3613, 4032, 1353, 3704, 2341, 2881, 3258, 3529, 4636, 3173, 2803, 3271, 3384, 761, 3405, 2402, 3446, 3649, 2461, 3192, 2629, 371, 5362, 3453, 3157, 2753, 3315, 1320, 4597, 2313, 4199, 3322, 1108, 3532, 1924, 2276, 3846, 3959, 2249, 3842, 2054, 2334, 3988, 4759, 2744, 2834, 3061, 5148, 3829, 2668, 3129, 4196, 1351, 1432, 3164, 2565, 4495, 1839, 2485, 3153, 2717, 3457, 3516, 3543, 2330, 2305, 2549, 2841, 3157, 3341, 3840, 4737, 3149, 1816, 1564, 3129, 3917, 3745, 2251, 2334, 2991, 2840, 3617, 3325, 2546, 3134, 3885, 3522, 3051, 3327, 3620, 1785, 1524, 2586, 3452, 2419, 1852, 4212, 3085, 3554, 3408, 2903, 2109, 3166, 2867, 3797, 3858, 3856, 1075, 3298, 3324, 2711, 2932, 2353, 3217, 5714, 1152, 2850, 2419, 3384, 3715, 3356, 3706, 3925, 2091, 1765, 3046, 4437, 3901, 3623, 2555, 3406, 3161, 3860, 3196, 3039, 4329, 3034, 2614, 2120, 4405, 2093, 2416, 3169, 3538, 3716, 3883, 3414, 2635, 2433, 2504, 3081, 4522, 3203, 846]
[2394, 3304, 3976, 3688, 2405, 3918, 3073, 3797, 1845, 3462, 1431, 3099, 0, 2622, 3659, 3671, 3505, 3342, 3350, 2329, 4730, 4611, 3633, 4017, 4391, 2230, 3616, 3706, 2784, 3250, 3356, 3935, 2810, 3130, 3062, 2116, 3351, 4219, 3915, 4563, 3918, 2987, 5400, 3888, 1794, 4037, 4079, 3724, 3069, 758, 2383, 2866, 2894, 3918, 2742, 2489, 2737, 3793, 3634, 2931, 3804, 3047, 3598, 1927, 1926, 3910, 2728, 5309, 4722, 1843, 2365, 2639, 4193, 4166, 2600, 3738, 2246, 3981, 3753, 3351, 4024, 1380, 4643, 2536, 3351, 2341, 3761, 4721, 4361, 4171, 2734, 1747, 5700, 3295, 2194, 2655, 4128, 1748, 4021, 2850, 3630, 3578, 3121, 2631, 3316, 2183, 2983, 3563, 2838, 3612, 3789, 1639, 2989, 2902, 3839, 3393, 4423, 2995, 3243, 3298, 2698, 3700, 3905, 1937, 2743, 3278, 2613, 2303, 3070, 3742, 2264, 4172, 4037, 1137, 861, 4018, 3479, 3405, 2983, 2940, 1769, 3600, 4499, 4261, 3042, 3009, 3472, 3931, 3516, 2232, 4801, 2932, 3180, 3432, 3585, 2893, 2237, 1256, 3780, 2351, 6447, 3656, 3870, 2640, 3425, 4112, 2957, 3138, 2456, 2968, 4122, 2070, 1971, 4658, 3826, 4008, 3624, 3127, 3260, 2975, 2225, 4356, 2025, 2711, 3213, 5007, 3243, 2513, 3456, 2292, 4003, 2807, 4236, 2173, 3860, 2425, 4363, 4072, 1915, 3203]
[1803, 2894, 2514, 2344, 2753, 2474, 2881, 1745, 1058, 3129, 1191, 2776, 2622, 0, 2812, 3489, 3738, 2154, 1130, 2677, 3286, 3976, 2736, 3966, 3961, 2463, 2874, 3466, 3944, 2173, 1945, 2874, 2637, 2938, 2650, 2464, 3660, 3634, 2336, 4404, 2602, 1910, 3199, 2012, 3663, 2593, 2748, 3266, 2963, 3380, 2731, 2918, 2702, 2657, 3090, 2837, 3085, 3754, 2886, 2464, 1546, 2855, 2811, 2275, 1139, 3263, 2405, 4506, 3963, 1060, 1578, 1852, 2877, 4514, 2948, 4086, 2006, 2665, 2676, 1068, 2910, 2280, 4083, 2884, 1475, 2689, 1478, 3132, 3574, 1888, 2494, 1156, 3824, 3551, 2499, 2697, 4476, 3385, 3557, 3198, 3849, 2791, 3188, 4042, 3076, 2531, 2516, 2972, 3393, 2697, 2939, 1987, 1985, 2160, 2485, 3741, 3884, 373, 960, 2198, 3046, 2958, 2461, 2285, 2704, 3497, 3513, 1712, 1992, 1690, 358, 3988, 2311, 1485, 1761, 2764, 3819, 2608, 4620, 2349, 2117, 2486, 3853, 2229, 2451, 2552, 3777, 2743, 3426, 2580, 4245, 2145, 2393, 1701, 3804, 3241, 2456, 1604, 1497, 2111, 4275, 3065, 1994, 1563, 2528, 4352, 2500, 2355, 3184, 1235, 3799, 3642, 2871, 3871, 2767, 2365, 4009, 2305, 3399, 2735, 2573, 3095, 1785, 3016, 2754, 3676, 1237, 2818, 2622, 2682, 4351, 2019, 2792, 1582, 1577, 2730, 3448, 3527, 1128, 1930]
[2942, 2712, 3001, 4612, 3542, 2882, 3442, 2637, 3230, 3375, 2816, 3668, 3659, 2812, 0, 4385, 3418, 3046, 2022, 2114, 3720, 2928, 3628, 3522, 1149, 2143, 3869, 3821, 2451, 2052, 4559, 3766, 2795, 3027, 3940, 3501, 2189, 2178, 3228, 5710, 3494, 1789, 2212, 836, 3519, 3027, 3156, 3709, 4454, 4417, 3530, 3586, 3263, 4299, 2863, 1170, 2858, 3778, 3755, 2844, 1266, 3416, 4043, 2048, 3311, 4155, 3297, 5337, 4843, 3228, 3666, 2740, 3769, 4287, 2721, 2120, 3631, 3557, 2555, 1960, 3802, 3317, 4468, 2657, 3549, 2462, 1334, 2680, 4618, 2780, 3985, 3132, 5898, 3416, 2179, 2568, 4249, 4277, 4426, 809, 3529, 4531, 3044, 4515, 4231, 2304, 2896, 2013, 3946, 2553, 3456, 2020, 2877, 3450, 3377, 3514, 3104, 3185, 1852, 3090, 2819, 3953, 2895, 1722, 2728, 2538, 4201, 3393, 3618, 2582, 3170, 1368, 4385, 2522, 2798, 3656, 4626, 3390, 4690, 3488, 1890, 3378, 1041, 3112, 2534, 2408, 3457, 3635, 3501, 3617, 4306, 3894, 3281, 2593, 2798, 3014, 2136, 2403, 1315, 3736, 4406, 3910, 818, 2136, 3420, 6378, 2356, 3742, 3564, 2127, 4691, 4150, 3908, 4759, 3659, 3257, 3915, 3197, 5024, 4360, 3372, 4737, 2751, 2696, 3198, 4568, 2129, 2498, 3577, 3574, 4124, 3580, 3226, 3558, 2469, 2410, 3304, 3455, 3300, 2822]
[1837, 2884, 4211, 3127, 2153, 4655, 2512, 2384, 2582, 4504, 2828, 3694, 3671, 3489, 4385, 0, 4547, 3530, 2881, 3449, 4894, 4121, 4487, 4518, 4086, 3272, 2043, 2589, 4361, 2859, 3526, 4808, 3728, 2569, 839, 1555, 3604, 5385, 1692, 4181, 2747, 2596, 5014, 3892, 2513, 4707, 4816, 3623, 2508, 4429, 2131, 2305, 2333, 3440, 4139, 3886, 3326, 4711, 3031, 2571, 3513, 2486, 4335, 3324, 2663, 4125, 3323, 5894, 4195, 2580, 3102, 3376, 3022, 5563, 3997, 5057, 3119, 2810, 3362, 2819, 3772, 3329, 5464, 3933, 2014, 3738, 3445, 4883, 5098, 3792, 2729, 2484, 4363, 2768, 3308, 3697, 5525, 3764, 3702, 4247, 4672, 3048, 2647, 2392, 4077, 3580, 2519, 3006, 1469, 3138, 3356, 3036, 3736, 1329, 2675, 3982, 4074, 3116, 2927, 3574, 4095, 2127, 4642, 3334, 3661, 3531, 3973, 3040, 1497, 2329, 3282, 4305, 2850, 2534, 2810, 4254, 3227, 3526, 4999, 2383, 3166, 3348, 3978, 3926, 2485, 3728, 3240, 4119, 4434, 1671, 5302, 3641, 3917, 3077, 3838, 4290, 3279, 2653, 3464, 3112, 6609, 3422, 3874, 2943, 4279, 3655, 3676, 3439, 1851, 3202, 3482, 1831, 3906, 5264, 2253, 3756, 4125, 1714, 4400, 3736, 2289, 3878, 3422, 3629, 4130, 5213, 2988, 3431, 3161, 4241, 5400, 2558, 4906, 2278, 3544, 3343, 3889, 2223, 2652, 2848]
[3111, 3603, 4203, 3428, 2514, 4413, 4304, 3535, 2680, 2507, 2662, 3979, 3505, 3738, 3418, 4547, 0, 2459, 3391, 2556, 4757, 4801, 2782, 4834, 3022, 1275, 3089, 4790, 4249, 3968, 3691, 4540, 1927, 3918, 4046, 3347, 3172, 4446, 4813, 5032, 3717, 3705, 4085, 4230, 3358, 4558, 4139, 2841, 4047, 4263, 2536, 3541, 4125, 3115, 2969, 2716, 2964, 2910, 3433, 1976, 3764, 4278, 3175, 2154, 2761, 3568, 3616, 5536, 3610, 2682, 3200, 1886, 3992, 4393, 2827, 3725, 3477, 3780, 4471, 3329, 3215, 3163, 4545, 2763, 3991, 2568, 3832, 4948, 4763, 4365, 3117, 2778, 6340, 3522, 1311, 1700, 4355, 4049, 4104, 3077, 2675, 4413, 2238, 5157, 3363, 2410, 2028, 1942, 3078, 2729, 3244, 1866, 2412, 3556, 4222, 3620, 4650, 4111, 3437, 2415, 2925, 3173, 4426, 2164, 1860, 2467, 3378, 3302, 3724, 3590, 3380, 3241, 4827, 2368, 2644, 4232, 3632, 2522, 4866, 3657, 1996, 2791, 2914, 4488, 2463, 4293, 2589, 3048, 2633, 3463, 4707, 3767, 2427, 2912, 2774, 3120, 1282, 2249, 3813, 3500, 6674, 3042, 4212, 3358, 2990, 4762, 4345, 3977, 2696, 3686, 4536, 4757, 3754, 3905, 2879, 4161, 4441, 4205, 4368, 3704, 2694, 3553, 3256, 1828, 2330, 4804, 3498, 1630, 3683, 3109, 4230, 4038, 4757, 3204, 4054, 1542, 3480, 4617, 2750, 3141]
[2284, 2630, 2748, 3999, 1527, 3136, 2258, 1979, 2589, 2416, 2499, 1520, 3342, 2154, 3046, 3530, 2459, 0, 1364, 2393, 2298, 2728, 2452, 3322, 4045, 1184, 2998, 4374, 1790, 2407, 3600, 3108, 1597, 2315, 3282, 2857, 3005, 3868, 2570, 4045, 1354, 2144, 4609, 2246, 3255, 2991, 3410, 2230, 3415, 3127, 1549, 3094, 2079, 3959, 2806, 2553, 2801, 2580, 1638, 1885, 1780, 1926, 2845, 1991, 2670, 1109, 1157, 4740, 1933, 2591, 2467, 1795, 1629, 3861, 2254, 3395, 2703, 1417, 2910, 1302, 756, 3000, 4215, 2190, 3306, 1995, 1712, 3366, 4121, 2122, 2670, 2687, 4526, 2777, 1148, 1609, 4137, 2137, 2309, 2914, 2584, 3105, 2075, 2794, 1633, 2247, 1937, 3453, 2211, 2566, 785, 1703, 2219, 2792, 2719, 3457, 4118, 2527, 1194, 44, 2762, 3082, 3123, 2001, 1530, 2932, 3287, 3139, 2960, 1924, 2512, 3826, 2702, 2205, 2481, 2165, 2571, 1360, 3372, 2830, 1833, 332, 4087, 2463, 2932, 2786, 2426, 589, 2303, 2741, 4106, 2725, 2336, 453, 2860, 2957, 1191, 2086, 1731, 2598, 5092, 2029, 2228, 1797, 2660, 4501, 2734, 3084, 2593, 1469, 2551, 3355, 3591, 3814, 2788, 2391, 3715, 2539, 2638, 1974, 1707, 4397, 2412, 1498, 600, 3910, 1471, 1300, 3110, 2916, 3657, 3264, 2792, 3113, 1811, 1379, 3317, 4008, 2659, 682]
[1044, 2104, 1724, 3277, 2882, 3002, 2834, 955, 1789, 2498, 1982, 1986, 3350, 1130, 2022, 2881, 3391, 1364, 0, 2955, 2756, 3186, 1606, 3401, 3171, 2116, 2187, 3134, 3154, 1383, 3075, 2084, 1631, 2419, 2042, 2094, 3000, 2504, 1546, 4035, 1812, 1120, 3585, 1222, 2873, 2857, 3276, 2545, 3047, 2592, 2860, 2844, 2655, 3590, 2363, 2071, 2963, 2748, 2096, 2769, 756, 2808, 3013, 2553, 1870, 2473, 1615, 3716, 3297, 1787, 1984, 2550, 2087, 3787, 2249, 3563, 2797, 1875, 1886, 62, 2120, 3071, 2953, 2703, 2237, 2508, 688, 2002, 4305, 1098, 2584, 1691, 4586, 3521, 2152, 1691, 4132, 2595, 2767, 2432, 3516, 2849, 2398, 3252, 2997, 2809, 2717, 2213, 3522, 1907, 2149, 2265, 979, 1552, 1479, 3619, 2878, 1503, 170, 1408, 2319, 2271, 2989, 2563, 1698, 2738, 4171, 2247, 1720, 900, 1488, 3157, 2959, 2276, 2552, 1974, 3029, 1818, 3830, 1590, 2395, 1696, 3063, 1439, 1692, 1762, 3430, 1953, 2931, 2210, 3115, 2212, 2295, 911, 2942, 2514, 2123, 2395, 707, 2902, 3728, 2487, 1204, 773, 1398, 4480, 1710, 2060, 3385, 445, 3009, 3034, 3113, 4569, 1977, 1235, 3008, 1515, 4002, 3338, 3018, 4028, 1388, 2126, 1964, 2886, 107, 1928, 3384, 1676, 3652, 2781, 3056, 2117, 787, 2016, 2658, 2768, 1859, 1140]
[2351, 3213, 2767, 3282, 2212, 3875, 2841, 3266, 1802, 2513, 1486, 2643, 2329, 2677, 2114, 3449, 2556, 2393, 2955, 0, 4243, 4083, 2716, 4380, 3182, 1281, 2834, 2234, 2947, 2792, 3681, 3104, 1861, 2898, 2610, 2171, 2142, 2674, 3463, 4380, 2709, 2529, 4326, 2725, 3364, 3941, 4036, 2775, 3124, 3087, 2200, 2921, 2662, 2969, 1533, 944, 1528, 2844, 2425, 1982, 2259, 2815, 3109, 718, 1883, 2667, 2272, 4100, 3491, 1800, 2322, 1892, 2984, 2957, 1391, 2529, 2301, 2772, 3295, 2893, 3149, 1987, 3434, 1327, 1435, 1132, 2327, 3014, 4318, 3713, 2789, 1704, 3784, 2086, 1245, 1706, 2919, 3252, 3096, 1305, 2681, 3535, 2172, 4149, 3297, 974, 2034, 2594, 2862, 2663, 3178, 690, 2418, 2120, 3894, 2184, 2878, 2537, 2785, 2349, 1489, 2918, 3862, 392, 1794, 2069, 3220, 2260, 1952, 3211, 2319, 2963, 2271, 1192, 1468, 2809, 3296, 2456, 4476, 2897, 560, 2725, 3155, 3052, 2999, 3401, 2523, 2982, 2567, 2287, 3596, 2889, 2433, 2398, 2376, 1684, 1288, 1073, 2308, 2406, 4740, 2816, 2707, 2182, 2924, 5219, 3349, 3095, 2702, 2510, 3666, 3602, 2578, 3911, 2885, 3825, 4231, 3182, 3694, 3030, 2042, 3407, 2080, 1762, 2264, 4738, 3062, 1564, 2247, 2899, 2794, 1979, 4140, 2130, 3402, 1476, 3414, 2600, 1872, 2627]
[3630, 4097, 4008, 2955, 3825, 838, 4286, 3371, 3081, 3740, 3887, 2920, 4730, 3286, 3720, 4894, 4757, 2298, 2756, 4243, 0, 3912, 2359, 4506, 2571, 3482, 4279, 4653, 4065, 3799, 2556, 4500, 3348, 4343, 4055, 4527, 3173, 3379, 3962, 2199, 2746, 3536, 3850, 3215, 4866, 693, 1112, 3622, 3574, 4519, 3847, 4486, 4107, 2885, 4600, 4064, 3106, 2341, 3030, 4183, 2749, 4224, 4596, 3916, 3162, 3407, 2549, 6000, 4231, 3079, 3601, 3589, 3021, 4320, 3924, 3250, 3985, 2809, 4302, 2694, 3054, 4253, 3706, 4179, 2880, 3984, 2681, 2877, 2548, 3514, 4062, 2983, 5229, 3664, 3446, 3907, 5807, 3529, 3701, 4425, 2775, 4814, 4017, 4186, 3931, 4172, 4235, 3651, 4509, 3900, 3060, 4001, 3611, 3565, 4111, 3762, 5510, 2913, 2586, 2342, 4644, 4363, 825, 4242, 3281, 4089, 5109, 2427, 3397, 3316, 3644, 2352, 3716, 3593, 3869, 4390, 3963, 2752, 4764, 4176, 4074, 2630, 2679, 3723, 4172, 3755, 4604, 2887, 4514, 4643, 3868, 4168, 3048, 1845, 3782, 4839, 3489, 3712, 2700, 4090, 4603, 3421, 3197, 3189, 2151, 5893, 3703, 4374, 4891, 2861, 3943, 4747, 3662, 3406, 4393, 3783, 4899, 3931, 4936, 4272, 4005, 2447, 3804, 3657, 2898, 5170, 2863, 3511, 2869, 4308, 5327, 3424, 494, 3122, 3071, 3599, 4651, 4287, 3151, 2074]
[4028, 4813, 4570, 5856, 4255, 3074, 4986, 3801, 3502, 4535, 4320, 2419, 4611, 3976, 2928, 4121, 4801, 2728, 3186, 4083, 3912, 0, 3303, 594, 1779, 3816, 4503, 4319, 4518, 4046, 5719, 4930, 3164, 5043, 4367, 5005, 2381, 4175, 4392, 5105, 1374, 3783, 3058, 3764, 3923, 3219, 3348, 2250, 5237, 4760, 4277, 4916, 4807, 5557, 4070, 4098, 3883, 4281, 1658, 3577, 3602, 4654, 4546, 3365, 3443, 3837, 2790, 5967, 4661, 3504, 3243, 4111, 1649, 5494, 3132, 2966, 4087, 1437, 4492, 3124, 3484, 4269, 1540, 3146, 5042, 2951, 3534, 3673, 4082, 3944, 4492, 3600, 6348, 4441, 3780, 3728, 5015, 3770, 2329, 3737, 3462, 5095, 4245, 2814, 4361, 3621, 3525, 2859, 3643, 4370, 3513, 3653, 3016, 4481, 4541, 4169, 5940, 4349, 3016, 2772, 4026, 4587, 3087, 3691, 3231, 3297, 3737, 4156, 4649, 3746, 4202, 1560, 4419, 4026, 3750, 4820, 3347, 3182, 5005, 4574, 3523, 3060, 1887, 4285, 3380, 3620, 3232, 3317, 4063, 5121, 1378, 4589, 3992, 2275, 2990, 4221, 3823, 4036, 3553, 4192, 5399, 2049, 3746, 3619, 3095, 6134, 3672, 4356, 3261, 3291, 4184, 3375, 4860, 3224, 4713, 4213, 987, 4361, 4757, 4093, 4435, 5226, 4234, 3659, 3328, 5732, 3293, 3461, 4066, 2319, 4535, 4606, 3418, 3532, 3633, 3549, 5121, 3953, 3432, 2504]
[2650, 3710, 3330, 4322, 3548, 3197, 4440, 2561, 2440, 2739, 2822, 3256, 3633, 2736, 3628, 4487, 2782, 2452, 1606, 2716, 2359, 3303, 0, 2709, 3582, 1507, 3321, 4706, 4242, 2989, 3923, 3690, 989, 4025, 3648, 3507, 3161, 4110, 3152, 4558, 2779, 2726, 4861, 2828, 3296, 3052, 3201, 1903, 4460, 2875, 3536, 3701, 4261, 4305, 2241, 2876, 3124, 1972, 2495, 2208, 2362, 4378, 2237, 2314, 2521, 3561, 3197, 5322, 4385, 2442, 2960, 1646, 3054, 2810, 2410, 2787, 3637, 2842, 2953, 1668, 3208, 3323, 1763, 2346, 3843, 2151, 2294, 3608, 4078, 2704, 3277, 2538, 6192, 3682, 1471, 1932, 4293, 3865, 3166, 3237, 2907, 4173, 1936, 4219, 2885, 2570, 2260, 3613, 3310, 2427, 3237, 2026, 1641, 3158, 3085, 3780, 4484, 3109, 1776, 2408, 2285, 3405, 3184, 2324, 922, 3088, 3610, 3000, 3326, 2506, 3094, 3801, 4565, 2528, 2804, 3580, 4611, 2044, 4564, 3196, 2156, 2784, 3690, 3045, 3298, 2185, 2749, 3041, 2155, 3623, 1925, 3527, 1105, 2517, 3183, 2480, 1514, 2409, 2313, 3660, 5334, 2104, 2810, 2379, 208, 4429, 2133, 3666, 2928, 2051, 4591, 4640, 3537, 3665, 3111, 2627, 3102, 3121, 3890, 3226, 3378, 4683, 2994, 1350, 1852, 4492, 1499, 1152, 3266, 2338, 3813, 4198, 2853, 2964, 2393, 1240, 3178, 4374, 2510, 2722]
[3653, 5376, 4996, 5276, 3733, 3668, 5368, 4227, 2908, 3941, 3726, 3013, 4017, 3966, 3522, 4518, 4834, 3322, 3401, 4380, 4506, 594, 2709, 0, 2373, 3559, 4875, 4913, 5112, 4105, 5125, 5356, 3074, 5258, 4651, 4411, 2975, 3581, 4818, 5699, 1968, 3842, 3652, 4358, 3329, 3813, 3942, 2844, 5364, 4775, 3711, 5161, 5189, 4963, 4106, 4540, 4472, 4191, 2252, 3387, 4028, 5248, 4456, 3662, 2849, 4431, 3384, 6561, 5255, 2910, 3288, 3702, 2243, 5103, 3726, 3560, 4541, 2031, 4608, 3339, 4078, 3675, 946, 3740, 4846, 3545, 3960, 3079, 3488, 4370, 5029, 3006, 6942, 4348, 3595, 3134, 5609, 4364, 2923, 4331, 4056, 4501, 4155, 3408, 4243, 3918, 3335, 3453, 3049, 4646, 4107, 3934, 2422, 4161, 4756, 4763, 6155, 4339, 3442, 3366, 4150, 4959, 3681, 3988, 3141, 3891, 4331, 3562, 4329, 4172, 3608, 2154, 5013, 3432, 3156, 4406, 3941, 3776, 5599, 4199, 3820, 3654, 2481, 4711, 3974, 4214, 3826, 3911, 4374, 4527, 784, 3995, 3398, 2869, 3584, 4345, 3566, 3551, 3979, 4646, 4805, 2643, 4340, 3495, 2501, 6722, 4266, 4205, 2667, 3167, 4778, 3969, 4266, 2630, 5085, 4636, 393, 4787, 4516, 4584, 3869, 5401, 4110, 3569, 3922, 6070, 3508, 3371, 4660, 1725, 5129, 5102, 4012, 3432, 4059, 3459, 5397, 4547, 2838, 3098]
[2249, 3861, 3781, 4230, 3496, 1733, 4591, 3786, 2994, 3707, 3544, 4104, 4391, 3961, 1149, 4086, 3022, 4045, 3171, 3182, 2571, 1779, 3582, 2373, 0, 2937, 3471, 2978, 3600, 3201, 4629, 4418, 3119, 4176, 3247, 4233, 1040, 3327, 4100, 4770, 3153, 2938, 1279, 1985, 3514, 1878, 2007, 3214, 4686, 5149, 3518, 3641, 4412, 4543, 3279, 2319, 2542, 3236, 3343, 2236, 2415, 4565, 4367, 2464, 3075, 4490, 4446, 4188, 4527, 2992, 3514, 2332, 3428, 4703, 1791, 1187, 2729, 3216, 3704, 3109, 4137, 4049, 3319, 2245, 3442, 2050, 2483, 3772, 3469, 3929, 3217, 2896, 5791, 3100, 2973, 2900, 3674, 4309, 4014, 1958, 4150, 4727, 3169, 4593, 3799, 2720, 2184, 1080, 3175, 2678, 4605, 2752, 3612, 2757, 4322, 3198, 4253, 3834, 3001, 4077, 3235, 3555, 1746, 2790, 3052, 1605, 3638, 3008, 2925, 3731, 3694, 219, 4278, 3254, 3530, 3370, 4614, 3941, 3749, 2795, 2622, 3713, 108, 4066, 1601, 3557, 3066, 4634, 4052, 4275, 3157, 4081, 2477, 3742, 1649, 3430, 2936, 3135, 2464, 2834, 5498, 3415, 1967, 3285, 3374, 6063, 3505, 4287, 2852, 3276, 5455, 4239, 4318, 4327, 3681, 4406, 2766, 4346, 4122, 3458, 3676, 4981, 3900, 2851, 3573, 4753, 3278, 3049, 3165, 4098, 3194, 3290, 2077, 3322, 3618, 3137, 3429, 2612, 3064, 3971]
[2150, 2328, 2928, 2815, 2113, 3138, 3029, 2626, 1405, 1232, 1387, 2704, 2230, 2463, 2143, 3272, 1275, 1184, 2116, 1281, 3482, 3816, 1507, 3559, 2937, 0, 1814, 3515, 2974, 2693, 2416, 3265, 652, 2643, 2771, 2072, 1897, 3171, 3538, 4281, 2442, 2430, 4216, 2955, 2083, 3283, 2864, 1566, 3025, 2988, 2101, 2266, 2850, 2870, 1694, 1441, 1689, 1635, 2158, 701, 2489, 3003, 1900, 879, 1486, 2293, 2341, 4261, 3117, 1407, 1925, 611, 2717, 3118, 1552, 2450, 2202, 2505, 3196, 2054, 1940, 1888, 3270, 1488, 2716, 1293, 2557, 3673, 3488, 3090, 1842, 1503, 5065, 2247, 36, 425, 3080, 2774, 2829, 1802, 1400, 3138, 963, 3882, 2088, 1135, 753, 2508, 1803, 1454, 1969, 591, 1137, 2281, 2947, 2345, 3375, 2836, 2162, 1140, 1650, 1898, 3151, 889, 585, 1983, 2103, 2027, 2449, 2681, 2105, 2718, 3552, 1093, 1369, 2970, 3197, 1247, 3591, 2696, 721, 1516, 3045, 3213, 2798, 3018, 1314, 1773, 1358, 2188, 3432, 2492, 1152, 1637, 1676, 1845, 7, 974, 2538, 2225, 5399, 1767, 2937, 2083, 1715, 5138, 3070, 2702, 1421, 2411, 3261, 3482, 2479, 2630, 1604, 3351, 3166, 3083, 3093, 2429, 1943, 3308, 1981, 553, 1055, 3529, 2223, 355, 2408, 1834, 2955, 2763, 3482, 1929, 2779, 267, 2205, 3342, 1475, 1866]
[1222, 3177, 3571, 4278, 3747, 4040, 2805, 1232, 1967, 3046, 2773, 3833, 3616, 2874, 3869, 2043, 3089, 2998, 2187, 2834, 4279, 4503, 3321, 4875, 3471, 1814, 0, 3312, 3746, 2643, 4230, 3828, 2466, 2862, 1204, 3404, 3711, 4691, 2057, 4425, 3129, 2906, 3972, 3069, 3897, 4092, 4201, 3347, 3659, 4374, 3725, 2712, 2626, 4591, 2654, 3255, 3503, 3449, 3413, 2515, 2603, 2779, 3714, 2693, 2048, 4107, 3462, 5563, 3935, 1965, 2487, 2411, 3278, 4078, 3366, 4264, 2139, 3066, 3146, 2125, 3754, 3274, 5084, 3302, 1399, 3107, 2535, 4189, 4483, 2945, 2627, 1869, 3748, 4061, 1850, 2239, 4894, 4442, 3589, 3616, 3200, 3236, 2032, 2757, 3209, 2949, 2567, 2391, 3346, 2523, 2741, 2405, 2951, 714, 3040, 4159, 3819, 2501, 2017, 2954, 2610, 84, 4027, 2703, 2399, 2916, 3917, 2425, 882, 1287, 2667, 3690, 2235, 2479, 2755, 3639, 4821, 3061, 4660, 1768, 2535, 3330, 3363, 3286, 1870, 3609, 3128, 3314, 3172, 3288, 5246, 2124, 2952, 2758, 3223, 2415, 1807, 2598, 2554, 2244, 5915, 3146, 3051, 2620, 3529, 4020, 3557, 1578, 3235, 2292, 4856, 2196, 3291, 4430, 210, 3422, 4980, 1902, 3532, 2868, 3567, 5029, 3235, 2367, 2869, 4199, 2294, 2169, 2101, 3648, 4769, 1578, 4291, 1663, 2634, 2081, 3274, 2946, 2037, 2987]
[2090, 4148, 4533, 5120, 3837, 3841, 4505, 3965, 2835, 4131, 2275, 4156, 3706, 3466, 3821, 2589, 4790, 4374, 3134, 2234, 4653, 4319, 4706, 4913, 2978, 3515, 3312, 0, 5181, 4094, 5315, 4779, 3717, 4463, 3088, 3548, 3580, 4908, 3941, 5995, 3679, 3831, 4257, 2985, 5059, 3960, 4115, 2803, 4501, 4164, 3815, 4002, 4326, 5203, 3767, 3178, 3294, 4834, 3395, 4216, 3451, 4479, 4588, 2952, 2916, 4901, 4506, 6334, 5279, 2833, 3355, 3629, 3954, 5191, 3625, 3705, 3090, 3742, 4597, 3072, 5066, 3364, 5668, 3561, 3283, 3366, 3519, 5136, 5351, 4108, 3578, 2737, 5632, 3852, 3479, 3940, 5153, 5154, 4066, 3539, 4915, 4568, 3916, 4641, 4160, 3208, 4268, 3259, 4058, 4407, 4495, 2924, 3989, 2598, 4489, 2638, 4302, 3839, 3180, 4418, 3723, 3396, 3828, 2626, 3784, 3784, 4597, 2226, 2766, 3910, 3108, 2759, 4119, 2569, 2845, 4507, 4911, 4584, 6139, 2636, 2794, 4706, 3086, 4449, 2738, 4593, 4757, 4963, 4801, 3664, 5697, 3922, 4170, 3921, 4091, 3918, 3522, 2688, 3500, 3195, 6862, 3004, 3003, 3484, 4532, 5904, 4541, 4128, 4397, 3455, 5900, 4080, 3955, 5648, 3522, 4369, 5306, 3642, 4483, 3819, 3657, 5641, 2869, 3996, 4320, 5896, 3241, 3798, 4430, 4276, 5028, 3651, 4159, 3163, 3797, 3710, 5158, 366, 2905, 4150]
[3540, 4420, 4538, 5445, 3317, 4903, 4048, 3769, 4032, 4206, 3649, 3310, 2784, 3944, 2451, 4361, 4249, 1790, 3154, 2947, 4065, 4518, 4242, 5112, 3600, 2974, 3746, 5181, 0, 4197, 5390, 4898, 3387, 4105, 3522, 4334, 4305, 3011, 4360, 5835, 3144, 3934, 4663, 3287, 4578, 4758, 5177, 4020, 5205, 3542, 3339, 4419, 3869, 5132, 3696, 2003, 3691, 4370, 3428, 3675, 3318, 3716, 4635, 2881, 4113, 2899, 2947, 6263, 3723, 4034, 4257, 3585, 3419, 5120, 3554, 3435, 4464, 3207, 4700, 3092, 2546, 4150, 5597, 3490, 3717, 3295, 3386, 3513, 5911, 3912, 4460, 3965, 6066, 4249, 2938, 3399, 5082, 3927, 4099, 1642, 4374, 4895, 3865, 4584, 3423, 3137, 3727, 4464, 4001, 4356, 1005, 2853, 4009, 3032, 4509, 4347, 3937, 4317, 2984, 1834, 3652, 3830, 4890, 2555, 3320, 4232, 5034, 4226, 3200, 3714, 4302, 3819, 4492, 3355, 3631, 3955, 4361, 3150, 5162, 4086, 2723, 2122, 3492, 4253, 4188, 4460, 4216, 2379, 4093, 4450, 5759, 2945, 4126, 2243, 4539, 3847, 2981, 3236, 3367, 4388, 5239, 3819, 3269, 3587, 4450, 6291, 4408, 4874, 4383, 3259, 4341, 4514, 4741, 5604, 3956, 4181, 5505, 4329, 4428, 3764, 3497, 5570, 4202, 3288, 2390, 5020, 3261, 3090, 4410, 4706, 4957, 4261, 4559, 3981, 3601, 3169, 5088, 5264, 4102, 2472]
[2303, 1952, 1901, 4320, 3381, 4045, 2682, 1411, 2821, 3757, 1819, 3029, 3250, 2173, 2052, 2859, 3968, 2407, 1383, 2792, 3799, 4046, 2989, 4105, 3201, 2693, 2643, 4094, 4197, 0, 4118, 3127, 2890, 2267, 3301, 3092, 3814, 3887, 2589, 4604, 2855, 263, 4041, 1559, 2486, 3900, 4097, 3731, 4045, 3975, 3359, 3452, 2503, 4261, 3205, 2952, 2833, 2868, 3139, 3394, 1799, 2656, 4272, 2390, 2902, 3516, 2658, 3893, 4340, 2819, 2477, 3304, 3130, 4629, 3063, 4172, 2634, 2918, 503, 1321, 3163, 2908, 4336, 2999, 3496, 2804, 1731, 3385, 5337, 2141, 3028, 2723, 5845, 3391, 2657, 2950, 4591, 3638, 3810, 2861, 3708, 3305, 3441, 2989, 3610, 2646, 3446, 3472, 3530, 2950, 3192, 2102, 2238, 2811, 2738, 3489, 4137, 2546, 1213, 2451, 3161, 2727, 4032, 2400, 2957, 3741, 4141, 3279, 2979, 1356, 2531, 3420, 4002, 2113, 2389, 2467, 4072, 2861, 4873, 2849, 2232, 2739, 3093, 1616, 2951, 1375, 3935, 2996, 3979, 3165, 4498, 2668, 3678, 1954, 3726, 3356, 2700, 2232, 1750, 2645, 5055, 3530, 1541, 610, 2781, 5739, 1323, 3103, 3148, 938, 4052, 3390, 3499, 5323, 2433, 2618, 3712, 1971, 3933, 3269, 3201, 4699, 1225, 3174, 3007, 3929, 1490, 2976, 3919, 2935, 4466, 3195, 4099, 3149, 1830, 2888, 3701, 4027, 2891, 2183]
[3455, 3300, 3031, 399, 3761, 3394, 2928, 3690, 3003, 1184, 3136, 4721, 3356, 1945, 4559, 3526, 3691, 3600, 3075, 3681, 2556, 5719, 3923, 5125, 4629, 2416, 4230, 5315, 5390, 4118, 0, 4819, 3068, 2985, 4116, 1971, 3851, 4225, 4281, 4755, 4547, 3855, 5144, 3957, 3670, 3249, 3668, 3982, 1018, 2598, 3739, 2721, 2749, 712, 3870, 3841, 3333, 4051, 4574, 3117, 3491, 2902, 4316, 3279, 3084, 3618, 4350, 5593, 4442, 3005, 3523, 2850, 4822, 3023, 3952, 4866, 3633, 4610, 3709, 3013, 3915, 3745, 5686, 3888, 3420, 3693, 3423, 3723, 5104, 3833, 3145, 3101, 5769, 3891, 2452, 1991, 5480, 3588, 4047, 4202, 3816, 4736, 3379, 5299, 3939, 3535, 3169, 3549, 3390, 3686, 4385, 2991, 2703, 3963, 4250, 2677, 3914, 2318, 2905, 3556, 3826, 4314, 3381, 3289, 3001, 3024, 4519, 3657, 3937, 3635, 2303, 4672, 4256, 2950, 3226, 2506, 4835, 3663, 3504, 4001, 3121, 3932, 4521, 3316, 4070, 2837, 3730, 4189, 3774, 2087, 5848, 4090, 3391, 3646, 3242, 4021, 2423, 3069, 3442, 3528, 5449, 4183, 3939, 3508, 4131, 5952, 2889, 3855, 3008, 3180, 3213, 4738, 4336, 4869, 4020, 4310, 4732, 4250, 4246, 3598, 3897, 1150, 3730, 2969, 3471, 4259, 3182, 2771, 4567, 3400, 5355, 3964, 3050, 3527, 2889, 2683, 2935, 5179, 3073, 3875]
[3004, 3848, 3468, 4923, 4066, 4746, 4076, 2699, 3493, 4458, 2504, 3730, 3935, 2874, 3766, 4808, 4540, 3108, 2084, 3104, 4500, 4930, 3690, 5356, 4418, 3265, 3828, 4779, 4898, 3127, 4819, 0, 2911, 4133, 3969, 3351, 3810, 4588, 3290, 5779, 3556, 2864, 5329, 2966, 4617, 4601, 5020, 3793, 4304, 4676, 4044, 2601, 3897, 4729, 1659, 3264, 3196, 4028, 3840, 3966, 2500, 4050, 4293, 2386, 3574, 4217, 3359, 5460, 5041, 3491, 3728, 3876, 3831, 3083, 3059, 4513, 1689, 3619, 3630, 2022, 3864, 3593, 5037, 2995, 2794, 2800, 2432, 4086, 5495, 2842, 2177, 3395, 5143, 3754, 3229, 3651, 4587, 4339, 4511, 3625, 4665, 4593, 3992, 4996, 2759, 2642, 4018, 4173, 4706, 3651, 3893, 2674, 2939, 3479, 3282, 3852, 4681, 3247, 1914, 3152, 1615, 3744, 4733, 2712, 2978, 3737, 4826, 3951, 3311, 2644, 3232, 4631, 3630, 2798, 3074, 2935, 4773, 3562, 5574, 3550, 2544, 3440, 4526, 3183, 3652, 3506, 4507, 3697, 4211, 3235, 5199, 3956, 4379, 2655, 4044, 1810, 3272, 2917, 2451, 1794, 5812, 3592, 2948, 2517, 3482, 5345, 3454, 3735, 4626, 2189, 4753, 4961, 4184, 4968, 3721, 3319, 4963, 3259, 3082, 2418, 3886, 4956, 3098, 3406, 3708, 4630, 2191, 3208, 3324, 3636, 4462, 2250, 4800, 3821, 2531, 3296, 4402, 4728, 3563, 2884]
[2551, 2980, 3231, 3467, 2693, 2620, 3609, 2462, 2057, 1884, 1967, 2267, 2810, 2637, 2795, 3728, 1927, 1597, 1631, 1861, 3348, 3164, 989, 3074, 3119, 652, 2466, 3717, 3387, 2890, 3068, 2911, 0, 3295, 2889, 2652, 2306, 3751, 3053, 4171, 1790, 2627, 4182, 2303, 2735, 2765, 2346, 914, 3605, 3568, 2681, 2846, 3430, 3450, 1252, 2021, 2269, 1117, 1506, 1353, 1837, 3523, 1382, 1459, 2138, 2706, 2342, 4841, 3530, 2059, 2418, 1263, 2065, 2764, 1555, 1932, 2782, 1853, 3393, 1569, 2353, 2468, 2752, 1491, 3084, 1296, 1905, 3633, 3089, 2605, 2422, 2155, 5433, 2827, 616, 1077, 3438, 3322, 2177, 2382, 2052, 3790, 1081, 3230, 2030, 1715, 1405, 2758, 2455, 1572, 2382, 1171, 652, 2399, 2986, 2925, 3751, 3010, 1677, 1553, 1296, 2550, 2633, 1469, 67, 2233, 2755, 2145, 2567, 2407, 2757, 3127, 3920, 1673, 1949, 2616, 3756, 1189, 3709, 3097, 1301, 1929, 3011, 2946, 3199, 2979, 1894, 2186, 1300, 2768, 2914, 3144, 1804, 2050, 2328, 1491, 659, 1554, 1886, 2805, 5359, 1115, 2285, 2280, 1197, 4938, 2927, 3354, 2073, 1952, 3736, 3791, 2682, 3282, 2256, 2866, 2681, 3022, 3035, 2371, 2523, 3888, 2561, 495, 997, 3647, 1738, 297, 2411, 1349, 2958, 3343, 2964, 2581, 2294, 385, 2323, 3922, 2127, 1867]
